41
98
54
90
64
82
73
73
82
81
83
97
83
111
83
129
81
144
72
150
61
144
48
140
37
132
31
136
27
149
19
160
12
173
13
183
29
191
43
198
52
205
62
197
73
203
81
217
90
229
99
220
106
209
114
198
122
187
124
175
124
162
122
148
118
134
117
120
120
107
120
88
121
72
125
58
128
45
122
34
112
24
111
13
118
-1
123
-13
125
-26
124
-39
119
-51
110
-61
99
-65
102
-78
109
-89
115
-100
110
-114
100
-122
107
-134
113
-145
117
-159
118
-172
113
-184
108
-195
97
-206
86
-214
71
-215
60
-211
50
-202
39
-201
28
-207
15
-211
2
-208
0
-197
10
-190
19
-179
13
-183
-3
-179
-18
-186
-32
-190
-42
-195
-44
-206
-58
-210
-66
-198
-79
-189
-90
-196
-98
-206
-111
-207
-116
-196
-117
-184
-123
-173
-126
-161
-124
-148
-114
-139
-105
-145
-96
-154
-82
-160
-70
-158
-65
-147
-63
-134
-66
-122
-66
-108
-58
-96
-48
-102
-40
-113
-35
-124
-33
-140
-35
-152
-25
-160
-12
-159
0
-155
14
-152
27
-154
34
-164
38
-175
38
-189
49
-189
62
-186
75
-195
87
-192
93
-181
94
-168
92
-154
87
-143
81
-139
71
-149
59
-156
48
-150
43
-139
29
-137
17
-131
5
-130
-5
-122
-13
-111
-21
-101
-22
-88
-28
-77
-37
-68
-48
-64
-63
-61
-74
-70
-79
-82
-79
-96
-78
-109
-79
-122
-88
-132
-100
-130
-107
-120
-110
-108
-110
-95
-110
-81
-109
-66
-107
-54
-103
-42
-98
-29
-90
-18
-78
-14
-66
-16
-53
-19
-38
-19
-26
-23
-16
-34
-7
-44
3
-55
14
-64
25
-69
38
-70
49
-64
56
-51
57
-38
51
-25
45
-14
34
-9
19
-7
6
-6
-7
-6
-17
0
-24
13
-30
26
-26
38
-16
45
-6
51
-5
65
-12
76
-24
78
-35
70
-44
61
-55
50
-66
43
-77
36
-89
33
-101
38
-109
48
-112
60
-111
73
-99
77
-86
77
-75
81
-64
89
-53
93
-42
100
-29
103
-16
104
-1
106
8
115
10
130
3
139
-12
143
-23
139
-38
131
-49
123
-63
118
-77
115
-91
118
-100
127
-107
136
-109
151
-102
162
-93
173
-87
185
-87
198
-95
208
-108
214
-120
217
-109
224
-96
225
-81
223
-70
217
-63
207
-57
194
-49
184
-38
190
-30
201
-21
217
-12
227
2
224
13
214
22
204
28
192
35
181
40
177
