-112
217
-126
212
-124
199
-113
193
-127
192
-128
181
-117
173
-127
163
-128
153
-123
148
-131
136
-119
131
-128
121
-133
110
-127
100
-124
90
-132
78
-133
65
-123
57
-129
45
-133
33
-130
20
-121
9
-123
-3
-131
-14
-132
-26
-126
-36
-121
-47
-129
-58
-132
-70
-126
-81
-118
-93
-116
-107
-118
-119
-128
-128
-133
-139
-131
-151
-126
-162
-120
-173
-123
-186
-118
-198
-108
-207
-96
-207
-86
-200
-84
-185
-84
-172
-87
-160
-95
-158
-103
-149
-103
-135
-92
-132
-81
-143
-74
-153
-68
-164
-66
-176
-60
-190
-47
-200
-40
-189
-40
-174
-44
-161
-38
-152
-30
-170
-25
-183
-18
-196
-8
-187
-3
-173
-8
-162
-2
-154
9
-162
19
-172
28
-186
36
-187
39
-174
40
-161
36
-148
38
-133
47
-129
57
-140
69
-158
76
-174
82
-186
90
-184
94
-172
96
-155
96
-137
96
-119
93
-102
93
-89
87
-84
71
-90
59
-93
47
-98
34
-101
20
-105
5
-101
-9
-97
-22
-90
-33
-80
-43
-74
-50
-64
-56
-53
-50
-43
-35
-43
-22
-46
-6
-54
6
-60
19
-67
33
-64
44
-56
56
-47
69
-45
80
-51
90
-61
102
-66
109
-53
110
-37
106
-19
101
-7
94
5
85
4
72
-3
59
-7
37
-4
23
5
8
16
-1
34
-9
50
-17
67
-24
85
-26
98
-16
104
5
108
19
111
33
112
44
102
59
101
70
108
78
125
81
143
83
159
80
171
64
172
51
166
38
177
33
190
31
204
44
207
57
205
75
198
88
195
102
203
107
214
103
226
92
233
80
236
66
236
49
237
35
238
24
229
13
218
6
206
3
191
2
176
-3
164
-13
155
-26
152
-34
140
-39
128
-43
111
-44
97
-42
81
-38
67
-35
55
-26
43
-18
33
-12
20
-9
6
-6
-6
-12
-19
-25
-26
-38
-29
-49
-24
-60
-16
-71
-7
-79
3
-85
15
-92
27
-98
39
-105
52
-108
67
-103
79
-95
89
-86
101
-85
114
-88
131
-93
144
-96
157
-91
177
-86
191
-82
204
-89
216
-96
226
-105
235
