7
197
10
184
10
171
13
157
16
140
19
123
22
111
24
111
27
124
31
136
35
151
39
164
43
182
47
193
45
178
40
163
34
144
31
129
31
115
37
111
44
129
54
142
64
151
73
160
82
169
85
162
73
145
66
130
57
115
49
104
67
104
82
104
99
104
112
107
90
99
75
93
62
88
68
82
83
81
99
81
115
82
98
75
80
68
67
66
54
61
66
54
79
48
97
41
108
33
89
31
70
31
54
31
85
15
100
2
112
-9
111
-16
90
-9
76
-6
64
-2
71
-18
77
-34
83
-47
92
-60
100
-72
104
-84
91
-78
73
-65
64
-55
58
-44
54
-30
50
-61
51
-92
50
-121
47
-138
45
-150
39
-134
37
-109
34
-92
29
-71
28
-54
24
-40
12
-68
-3
-103
-14
-131
-21
-150
-27
-163
-30
-158
-26
-135
-22
-111
-22
-90
-22
-72
-22
-58
-28
-65
-43
-89
-55
-110
-82
-139
-96
-148
-106
-156
-98
-147
-74
-114
-60
-91
-55
-71
-50
-57
-56
-53
-78
-67
-98
-72
-119
-79
-135
-86
-142
-97
-142
-78
-124
-63
-116
-53
-107
-42
-96
-30
-86
-19
-82
-7
-79
5
-87
18
-96
27
-105
36
-116
45
-126
54
-123
56
-102
47
-82
39
-70
36
-84
49
-95
62
-101
77
-110
91
-118
102
-102
92
-92
81
-82
69
-78
71
-81
83
-88
98
-97
121
-106
142
-108
155
-103
154
-97
138
-90
125
-84
109
-77
93
-75
93
-76
111
-76
128
-76
152
-76
171
-76
187
-79
208
-71
203
-58
177
-43
136
-27
112
-21
96
-15
80
-13
83
-15
98
-16
115
-21
132
-24
152
-25
166
-25
181
-27
194
-29
206
-30
226
-33
239
-29
241
-23
228
-19
213
-17
201
-13
188
-8
177
-5
163
-3
150
