-134.8526
64.11028
-118.2724
64.11028
-88.42795
61.89957
-59.68887
61.89957
-23.21234
63.00491
2.2107
63.00491
24.31768
63.00491
38.68723
66.32098
61.89956
72.95304
80.6905
74.0584
97.27074
75.16374
114.9563
77.37445
130.4312
77.37445
116.0617
61.89957
100.5868
45.31934
84.00655
28.73907
63.00491
9.948135
46.42468
-8.8428
30.94978
-23.21234
9.948149
-45.31932
-4.4214
-59.68886
-14.36954
-68.53166
-25.42304
-79.58516
-38.68723
-95.06004
-54.16212
-113.851
-68.53165
-127.1152
-79.58516
-139.274
-88.42795
-154.7489
-92.84935
-150.3275
-88.42795
-134.8526
-81.79585
-114.9563
-77.37445
-99.48145
-70.74236
-75.16376
-66.32095
-61.89956
-64.11026
-42.00327
-61.89957
-26.52839
-59.68887
0
-55.26747
25.42304
-51.95142
46.42467
-49.74072
72.95304
-40.89793
106.1135
-37.58188
119.3777
-32.05513
135.958
-28.73908
149.2222
-23.21234
168.0131
-17.68559
187.9094
-13.26419
203.3843
-9.94814
221.0699
-4.4214
206.7003
-1.10535
189.0147
1.10535
172.4345
2.2107
150.3275
2.2107
134.8526
6.632099
112.7457
11.0535
92.84935
14.36955
68.53168
16.58025
39.79257
21.00163
-2.2107
23.21233
-21.00163
25.42303
-37.58187
30.94978
-68.53166
33.16048
-84.00654
33.16048
-101.6921
37.58188
-129.3259
42.00328
-147.0114
45.31933
-162.4864
49.74073
-177.9613
44.21398
-177.9613
30.94978
-158.065
18.79093
-139.274
-2.2107
-103.9028
-8.842799
-86.21725
-17.68559
-70.74236
-26.52839
-55.26747
-35.37118
-40.89792
-46.42467
-26.52839
-60.79421
-9.948151
-71.84771
0
-81.79585
7.737435
-96.16539
18.79094
-106.1135
27.63374
-119.3777
37.58187
-128.2205
48.63537
-132.6419
53.05677
